4 0.336159 0.202495 0.202207 0.261036
4 0.444652 0.489923 0.275432 0.319578
4 0.605209 0.160269 0.190787 0.222649
4 0.821524 0.194818 0.141075 0.188100
4 0.750650 0.085413 0.165931 0.170825
4 0.743261 0.412188 0.188772 0.179463
4 0.744940 0.548464 0.139731 0.171785
4 0.945023 0.464971 0.109954 0.217850
4 0.893069 0.736084 0.144434 0.182342
4 0.827570 0.890115 0.154511 0.219770
4 0.927330 0.876200 0.140403 0.161228
4 0.969879 0.801344 0.060242 0.190019
4 0.422483 0.844530 0.176008 0.213052
4 0.545084 0.815259 0.155182 0.223608
4 0.486639 0.932342 0.139060 0.119962
4 0.115814 0.675144 0.159213 0.185221
4 0.162839 0.592131 0.113532 0.124760
4 0.190382 0.728887 0.153839 0.210173
4 0.200459 0.871401 0.140403 0.161228
4 0.056361 0.924184 0.110173 0.151631
4 0.081888 0.339731 0.154511 0.178503
4 0.113462 0.166987 0.114203 0.145873