4 0.522603 0.407869 0.142568 0.130518
4 0.365028 0.281670 0.134231 0.141075
4 0.262479 0.159789 0.114221 0.085413
4 0.349187 0.074856 0.100882 0.107486
4 0.524271 0.100768 0.150906 0.130518
4 0.620567 0.282150 0.103383 0.113244
4 0.780227 0.416987 0.134231 0.127639
4 0.808157 0.524952 0.108385 0.111324
4 0.922379 0.535029 0.151739 0.142994
4 0.663921 0.668906 0.180086 0.140115
4 0.912833 0.920345 0.174334 0.159309
4 0.324592 0.693858 0.158409 0.147793
4 0.192862 0.708253 0.110053 0.078695
4 0.060298 0.397313 0.115055 0.105566
4 0.379201 0.456334 0.124226 0.104607
4 0.539278 0.527831 0.117556 0.094050
4 0.491338 0.265835 0.085041 0.076775