4 0.474505 0.389635 0.105461 0.126679
4 0.181132 0.598848 0.138697 0.145873
4 0.579007 0.577255 0.120161 0.137236
4 0.439032 0.714971 0.159789 0.161228
4 0.334849 0.421785 0.088203 0.089251
4 0.344117 0.533109 0.118244 0.139155
4 0.290748 0.609405 0.116326 0.099808
4 0.206699 0.401631 0.092678 0.093090
4 0.790567 0.240883 0.121440 0.134357
4 0.685107 0.411228 0.150841 0.148752
4 0.588914 0.259117 0.090121 0.107486
4 0.056531 0.825336 0.113062 0.119002
4 0.117536 0.931862 0.095873 0.134357
4 0.200946 0.880518 0.091399 0.114203
4 0.363292 0.857965 0.175768 0.190019
4 0.489205 0.856046 0.142532 0.155470
4 0.723775 0.776392 0.129749 0.197697
4 0.617036 0.691939 0.090121 0.074856
4 0.721538 0.670345 0.103543 0.119962
4 0.845215 0.679463 0.086286 0.090211
4 0.966549 0.662188 0.066901 0.147793
4 0.393652 0.373321 0.080534 0.107486
4 0.404198 0.283589 0.086286 0.096929
4 0.472907 0.324376 0.081812 0.103647
4 0.689900 0.332054 0.097791 0.105566
4 0.485051 0.582534 0.107378 0.113244