4 0.158123 0.369962 0.088843 0.085413
4 0.095166 0.412188 0.095873 0.108445
4 0.265821 0.526871 0.093317 0.059501
4 0.261986 0.595969 0.126553 0.097889
4 0.366807 0.420825 0.121440 0.083493
4 0.269975 0.367083 0.123357 0.106526
4 0.458845 0.482726 0.099708 0.107486
4 0.392693 0.617562 0.119522 0.089251
4 0.354663 0.550864 0.106100 0.063340
4 0.226512 0.403551 0.093956 0.098848
4 0.693096 0.577255 0.118244 0.125720
4 0.575491 0.484645 0.102904 0.130518
4 0.511256 0.586372 0.088203 0.072937
4 0.570698 0.611804 0.070307 0.087332
4 0.667849 0.704415 0.100987 0.109405
4 0.780980 0.547025 0.090760 0.113244
4 0.849369 0.523512 0.095873 0.125720
4 0.935975 0.594530 0.102904 0.104607
4 0.847132 0.622361 0.083729 0.070058
4 0.771712 0.631478 0.100347 0.095969
4 0.312159 0.714491 0.131027 0.100768
4 0.154607 0.649232 0.102265 0.079655
4 0.067043 0.531190 0.109935 0.100768
4 0.153329 0.488004 0.090760 0.104607
4 0.134155 0.553263 0.063916 0.077735
4 0.215327 0.476488 0.099708 0.098848
4 0.049181 0.771593 0.098362 0.115163
4 0.060047 0.642514 0.120093 0.160269