4 0.267954 0.400192 0.220250 0.253359
4 0.262556 0.192898 0.196497 0.232246
4 0.410109 0.197697 0.087092 0.113244
4 0.433861 0.868042 0.196497 0.263916
4 0.119322 0.867083 0.151871 0.194818
4 0.037168 0.861324 0.074336 0.275432
4 0.593290 0.680422 0.201536 0.276392
4 0.694058 0.810940 0.184261 0.247601
4 0.754519 0.916987 0.208733 0.166026
4 0.838732 0.667946 0.184261 0.251440
4 0.912888 0.358445 0.174224 0.250480
4 0.777191 0.368042 0.167706 0.231286
4 0.589331 0.440019 0.098608 0.125720
4 0.943458 0.075816 0.111564 0.151631
4 0.857806 0.158349 0.143234 0.120921
4 0.557302 0.121401 0.177063 0.192898
4 0.467330 0.305662 0.174184 0.190979
4 0.597609 0.274952 0.106526 0.125720
4 0.068218 0.498081 0.051104 0.065259
4 0.091251 0.560940 0.061180 0.089251
4 0.122921 0.523512 0.055422 0.068138
4 0.155310 0.595010 0.075576 0.074856
4 0.376280 0.520154 0.072697 0.105566
4 0.326256 0.678503 0.082054 0.111324
4 0.402911 0.611324 0.108685 0.097889
4 0.281270 0.604127 0.077015 0.085413
4 0.274072 0.672265 0.053983 0.052783
4 0.457614 0.702975 0.079894 0.106526
4 0.891275 0.817179 0.089251 0.095010
4 0.951755 0.753839 0.096489 0.252399
4 0.921165 0.953455 0.157670 0.093090