4 0.495665 0.219416 0.115167 0.186299
4 0.306237 0.674939 0.161737 0.222650
4 0.597930 0.881204 0.172435 0.237591
4 0.675652 0.592013 0.120201 0.209018
4 0.858786 0.893045 0.175582 0.190843
4 0.827320 0.722650 0.081183 0.115869
4 0.901580 0.313133 0.147892 0.207882
4 0.662751 0.278486 0.123348 0.197659
4 0.587861 0.268262 0.100692 0.102237
4 0.267848 0.381291 0.101322 0.094285
4 0.209950 0.477849 0.059786 0.087470
4 0.160234 0.458537 0.071114 0.126093
4 0.261870 0.465353 0.075519 0.107917
4 0.328264 0.450585 0.088735 0.139724
4 0.385532 0.452857 0.076149 0.114733
4 0.423921 0.561342 0.072373 0.104509
4 0.064856 0.692547 0.129711 0.205610
4 0.145759 0.707314 0.098804 0.151084
4 0.151738 0.581222 0.091882 0.110189
4 0.724110 0.395491 0.081183 0.129500
4 0.800259 0.292686 0.101322 0.144268
4 0.792077 0.612461 0.059786 0.079518
4 0.885218 0.631772 0.084959 0.136316
4 0.405042 0.676643 0.084959 0.144268
4 0.324802 0.862374 0.154814 0.229466
4 0.225369 0.290982 0.067967 0.088606
4 0.292707 0.229071 0.047829 0.048847
4 0.483393 0.539759 0.079295 0.134044