4 0.220623 0.439060 0.346689 0.275432
4 0.586506 0.475528 0.209933 0.173704
4 0.753852 0.502399 0.278311 0.258157
4 0.569711 0.254319 0.327495 0.270633
4 0.354980 0.080134 0.281910 0.160268
4 0.148046 0.086852 0.256718 0.173704
4 0.848022 0.087332 0.253119 0.174664
4 0.932708 0.168906 0.134584 0.220729
4 0.914714 0.369962 0.170572 0.248560
4 0.066225 0.202495 0.132450 0.278311
4 0.156796 0.890115 0.313592 0.219770
4 0.477940 0.910749 0.364683 0.178502
4 0.612297 0.775912 0.249520 0.190979
4 0.765848 0.732246 0.230326 0.234165
4 0.886523 0.815739 0.226954 0.239923
4 0.730460 0.951536 0.212332 0.096928