4 0.251759 0.553263 0.161067 0.231286
4 0.305129 0.444338 0.139975 0.205374
4 0.063242 0.462572 0.126484 0.236084
4 0.213090 0.265835 0.151480 0.243762
4 0.280841 0.197217 0.109296 0.225528
4 0.351467 0.242322 0.135501 0.250480
4 0.387899 0.130518 0.149562 0.193858
4 0.406754 0.444338 0.123357 0.253359
4 0.388858 0.642035 0.116965 0.205374
4 0.418898 0.874760 0.129749 0.173704
4 0.659540 0.723129 0.076699 0.190979
4 0.672004 0.950576 0.086286 0.098848
4 0.571017 0.696737 0.068390 0.216891
4 0.480577 0.624280 0.102265 0.198656
4 0.428805 0.292706 0.095873 0.184261
4 0.513493 0.278311 0.067111 0.191939
4 0.507421 0.443378 0.054967 0.188100
4 0.524039 0.142514 0.098430 0.198656
4 0.031604 0.086372 0.063208 0.172744
4 0.864390 0.333973 0.087564 0.195777
4 0.755094 0.246641 0.086286 0.211132
4 0.757012 0.087332 0.124635 0.161228
4 0.917440 0.190499 0.067111 0.171785
4 0.961222 0.252879 0.072864 0.206334