4 0.113924 0.642035 0.118042 0.107486
4 0.329135 0.509597 0.133877 0.165067
4 0.521673 0.445298 0.232486 0.213052
4 0.757758 0.290307 0.104367 0.119962
4 0.670665 0.416027 0.056862 0.095010
4 0.774672 0.451536 0.070537 0.137236
4 0.840171 0.415067 0.079175 0.112284
4 0.866803 0.516795 0.087812 0.135317
4 0.929423 0.395873 0.076296 0.093090
4 0.838012 0.874760 0.251919 0.250480
4 0.572057 0.727447 0.223848 0.278311
4 0.709173 0.664587 0.118042 0.135317
4 0.438900 0.908349 0.179223 0.183301
4 0.454734 0.764395 0.157630 0.190979
4 0.328775 0.735125 0.143234 0.180422