4 0.411908 0.683781 0.138196 0.171785
4 0.334893 0.845969 0.156910 0.181382
4 0.176903 0.724568 0.146113 0.172745
4 0.099528 0.580614 0.119482 0.122841
4 0.346769 0.365643 0.160509 0.159309
4 0.453655 0.518714 0.092131 0.100768
4 0.545425 0.388676 0.104367 0.107486
4 0.606246 0.446737 0.119482 0.114203
4 0.638996 0.515355 0.157630 0.161228
4 0.794826 0.732726 0.148273 0.144914
4 0.875440 0.803743 0.141075 0.148752
4 0.884797 0.924664 0.177063 0.150672
4 0.053363 0.504798 0.106726 0.072937
4 0.151352 0.411708 0.092131 0.082534
4 0.713852 0.106046 0.133157 0.104607
4 0.819298 0.139155 0.139635 0.103647
4 0.861764 0.218330 0.110845 0.104607
4 0.951036 0.221209 0.097928 0.091171
4 0.659149 0.296065 0.117322 0.116123
4 0.847369 0.554702 0.130998 0.136276
4 0.098089 0.291747 0.099328 0.090211
4 0.124360 0.212572 0.118762 0.081574
4 0.118602 0.160749 0.092850 0.048944
4 0.224048 0.205374 0.074856 0.086372
4 0.469850 0.049904 0.156190 0.099808
4 0.585733 0.139155 0.089971 0.061420
4 0.206054 0.051823 0.100768 0.069098
4 0.350008 0.083973 0.077735 0.073896